5 -20 -20
5 -40 -20
5 -60 -20
5 -80 -20
5 -100 -20
5 -120 -20
5 -140 -20
5 -160 -20
5 -180 -20
5 -200 -20
5 -220 -20
5 -240 -20
5 -260 -20
5 -320 -20
5 -340 -20
5 -360 -20
5 -380 -20
5 -400 -20
5 -420 -20
5 -440 -20
5 -460 -20
5 -480 -20
5 -500 -20
5 -520 -20
5 -540 -20
5 -560 -20

5 -20 -40
5 -125 -40
5 -260 -40
5 -320 -40
5 -455 -40
5 -560 -40

5 -20 -60
5 -125 -60
5 -260 -60
5 -320 -60
5 -455 -60
5 -560 -60

5 -20 -80
5 -125 -80
5 -260 -80
5 -320 -80
5 -455 -80
5 -560 -80


5 -20 -100
5 -40 -100
5 -60 -100
5 -80 -100
5 -100 -100
5 -120 -100
5 -140 -100
5 -160 -100
5 -180 -100
5 -200 -100
5 -220 -100
5 -240 -100
5 -260 -100
5 -280 -100
5 -300 -100
5 -320 -100
5 -340 -100
5 -360 -100
5 -380 -100
5 -400 -100
5 -420 -100
5 -440 -100
5 -460 -100
5 -480 -100
5 -500 -100
5 -520 -100
5 -540 -100
5 -560 -100


5 -20 -120
5 -125 -120
5 -195 -120
5 -385 -120
5 -455 -120
5 -560 -120

5 -20 -140
5 -125 -140
5 -195 -140
5 -385 -140
5 -455 -140
5 -560 -140

5 -20 -160
5 -40 -160
5 -60 -160
5 -80 -160
5 -100 -160
5 -120 -160
5 -195 -160
5 -215 -160
5 -235 -160
5 -255 -160
5 -320 -160
5 -340 -160
5 -360 -160
5 -380 -160
5 -455 -160
5 -480 -160
5 -500 -160
5 -520 -160
5 -540 -160
5 -560 -160

5 -125 -180
5 -255 -180
5 -325 -180
5 -450 -180

5 -125 -200
5 -255 -200
5 -325 -200
5 -450 -200

5 -125 -220
5 -255 -220
5 -325 -220
5 -450 -220

5 -125 -240
5 -195 -240
5 -215 -240
5 -235 -240
5 -255 -240
5 -275 -240
5 -305 -240
5 -325 -240
5 -345 -240
5 -365 -240
5 -385 -240
5 -450 -240

5 -125 -260
5 -195 -260
5 -385 -260
5 -450 -260

5 -125 -280
5 -195 -280
5 -385 -280
5 -450 -280


5 -20 -315
5 -40 -315
5 -60 -315
5 -80 -315
5 -100 -315
5 -120 -315
5 -140 -315
5 -160 -315
5 -195 -315
5 -385 -315
5 -400 -315
5 -420 -315
5 -440 -315
5 -460 -315
5 -480 -315
5 -500 -315
5 -520 -315
5 -540 -315
5 -560 -315

5 -125 -335
5 -195 -335
5 -385 -335
5 -450 -335

5 -125 -355
5 -195 -355
5 -385 -355
5 -450 -355

5 -125 -375
5 -195 -375
5 -215 -375
5 -235 -375
5 -255 -375
5 -275 -375
5 -305 -375
5 -325 -375
5 -345 -375
5 -365 -375
5 -385 -375
5 -450 -375

5 -125 -395
5 -195 -395
5 -385 -395
5 -450 -395

5 -125 -415
5 -195 -415
5 -385 -415
5 -450 -415

5 -125 -435
5 -195 -435
5 -385 -435
5 -450 -435

5 -20 -455
5 -40 -455
5 -60 -455
5 -80 -455
5 -100 -455
5 -120 -455
5 -140 -455
5 -160 -455
5 -195 -455
5 -215 -455
5 -235 -455
5 -255 -455
5 -320 -455
5 -340 -455
5 -360 -455
5 -380 -455
5 -400 -455
5 -420 -455
5 -455 -455
5 -480 -455
5 -500 -455
5 -520 -455
5 -540 -455
5 -560 -455

5 -20 -475
5 -125 -475
5 -255 -475
5 -325 -475
5 -455 -475
5 -560 -475

5 -20 -495
5 -125 -495
5 -255 -495
5 -325 -495
5 -455 -495
5 -560 -495


5 -20 -515
5 -40 -515
5 -60 -515
5 -120 -515
5 -140 -515
5 -160 -515
5 -180 -515
5 -200 -515
5 -220 -515
5 -240 -515
5 -260 -515
5 -280 -515
5 -300 -515
5 -320 -515
5 -340 -515
5 -360 -515
5 -380 -515
5 -400 -515
5 -420 -515
5 -440 -515
5 -460 -515
5 -520 -515
5 -540 -515
5 -560 -515

5 -60 -535
5 -120 -535
5 -200 -535
5 -380 -535
5 -460 -535
5 -520 -535

5 -60 -555
5 -120 -555
5 -200 -555
5 -380 -555
5 -460 -555
5 -520 -555

5 -60 -575
5 -120 -575
5 -200 -575
5 -380 -575
5 -460 -575
5 -520 -575

5 -20 -595
5 -240 -595
5 -340 -595
5 -565 -595


5 -20 -625
5 -40 -625
5 -60 -625
5 -80 -625
5 -100 -625
5 -120 -625
5 -140 -625
5 -160 -625
5 -180 -625
5 -200 -625
5 -220 -625
5 -240 -625
5 -260 -625
5 -320 -625
5 -340 -625
5 -360 -625
5 -380 -625
5 -400 -625
5 -420 -625
5 -440 -625
5 -460 -625
5 -480 -625
5 -500 -625
5 -520 -625
5 -540 -625
5 -560 -625
