5 190 0 0
110 5 0 -190
5 95 -110 -190
110 5 0 -285

110 5 0 -340
5 95 -110 -340
110 5 0 -435
5 210 0 -435    
50 20 0 -535

s590 5 0 0
5 72 -298 0

5 190 -590 0
115 5 -480 -190
5 95 -480 -190
115 5 -480 -285

115 5 -480 -340
5 95 -480 -340
115 5 -480 -435
5 210 -590 -435    
50 20 -540 -535

590 5 0 -640

70 40 -40 -40
90 40 -150 -40
90 40 -350 -40
70 40 -480 -40

70 30 -40 -120
30 160 -150 -120
90 30 -150 -190
150 30 -220 -120
30 90 -283 -120
30 160 -410 -120
90 30 -350 -190
70 30 -480 -120

55 5 -220 -260
55 5 -310 -260
5 90 -220 -260
5 90 -360 -260
145 5 -220 -350

30 95 -150 -340
150 30 -220 -405
30 90 -283 -405
30 95 -410 -340

70 20 -40 -470
20 80 -90 -470
90 20 -150 -470
90 20 -350 -470
70 20 -480 -470
20 80 -480 -470

180 10 -40 -590
30 60 -150 -540
150 20 -220 -535
30 70 -283 -535
180 10 -370 -590
30 60 -410 -540

1 50 10 -290
1 50 -610 -290